"N_bikes" "temperature" "feels_like" "humidity" "wind_speed" "holiday" "weekend" "season"
"1" 23970 14.6875 14.6875 82.0416666666667 13.5833333333333 0 0 2
"2" 21461 8.29166666666667 6.41666666666667 80.1041666666667 12.6041666666667 0 0 3
"3" 18986 11.5625 11.1458333333333 80.125 22.8958333333333 0 1 0
"4" 39050 15.8958333333333 15.8333333333333 70.1666666666667 14.3333333333333 0 0 1
"5" 24618 10.7708333333333 10.2083333333333 85.25 14.125 0 0 2
"6" 16336 8.125 5.35416666666667 69.8125 27.25 0 1 2
"7" 24503 15.1666666666667 15.1666666666667 87.4375 14.3333333333333 0 0 2
"8" 22106 9.625 7.39583333333333 64.5625 26.3333333333333 0 0 0
"9" 38430 16.2291666666667 16.2291666666667 59.1041666666667 14.4375 0 0 1
"10" 19581 6.33333333333333 4.97916666666667 85.5 7.83333333333333 0 1 2
"11" 16034 15.8541666666667 15.8541666666667 75.4166666666667 11.4583333333333 0 0 1
"12" 37311 16.4791666666667 16.4791666666667 68.1458333333333 15.9166666666667 0 0 1
"13" 12398 15.4583333333333 15.4583333333333 77.625 16.25 0 1 1
"14" 36145 15.9375 15.9375 60.2083333333333 14.8541666666667 0 0 1
"15" 17193 6.77083333333333 3.77083333333333 76.5625 16.7708333333333 0 0 2
"16" 22663 5.79166666666667 2.54166666666667 66.2291666666667 17.4583333333333 0 0 3
"17" 41272 20.8125 20.8125 61.875 11.1041666666667 0 0 1
"18" 23680 5.04166666666667 3.16666666666667 77.4375 7.64583333333333 0 0 3
"19" 35402 19.8333333333333 19.8333333333333 68.25 17.625 0 0 1
"20" 25592 8 6.47916666666667 66.1666666666667 11.9166666666667 0 0 0
"21" 30489 11.6875 10.8958333333333 66.9583333333333 19.625 0 0 0
"22" 19736 8.41666666666667 6.66666666666667 67.8125 11.6041666666667 0 1 0
"23" 16381 6.04166666666667 4.0625 89.7083333333333 9.75 0 0 3
"24" 25439 9.25 7.77083333333333 73.5833333333333 13.3541666666667 1 0 0
"25" 24852 19.9375 19.9375 89.9583333333333 10.6041666666667 0 0 1
"26" 20635 6.3125 1.79166666666667 72.1875 31 0 0 0
"27" 25706 19.125 19.125 64.25 15.3333333333333 0 1 1
"28" 14025 8.23913043478261 4.58695652173913 71 27.4130434782609 0 1 3
"29" 39306 19.9166666666667 19.9166666666667 65.4791666666667 22.0416666666667 0 0 1
"30" 33673 11.9583333333333 11.7083333333333 69.9583333333333 18.625 0 0 2
"31" 26373 15.9375 15.9375 74.0625 19.25 0 1 0
"32" 20305 8.41666666666667 6.1875 70.375 20.8333333333333 0 0 0
"33" 23606 12.7708333333333 12.6041666666667 68.125 34.9375 0 0 3
"34" 34302 12.1875 11.9583333333333 58.2708333333333 12.3958333333333 0 1 0
"35" 23517 11.2916666666667 10.5416666666667 83.6666666666667 20.7291666666667 0 0 2
"36" 29557 14.6875 14.6875 70.8541666666667 20.9166666666667 0 0 1
"37" 27730 16.7708333333333 16.7708333333333 73.2916666666667 22.2708333333333 0 0 1
"38" 26885 7.58333333333333 6.39583333333333 59.0833333333333 8.64583333333333 0 1 0
"39" 38262 22.2916666666667 22.2916666666667 64.5625 15.2083333333333 0 0 1
"40" 14423 7.3125 5.10416666666667 88.6875 12.375 0 1 3
"41" 26023 12.375 12.375 64.0416666666667 22.2083333333333 0 0 0
"42" 26147 4.75 2.10416666666667 73.9583333333333 11.1041666666667 0 0 2
"43" 18101 6.14583333333333 2.95833333333333 66.9791666666667 17.9583333333333 0 1 0
"44" 7195 10.5 9.39583333333333 87.0208333333333 21.6041666666667 0 1 3
"45" 39611 19.9166666666667 19.875 63.6666666666667 17.4583333333333 0 0 1
"46" 36699 13.75 13.3541666666667 56.4791666666667 11.6666666666667 0 0 0
"47" 18700 7.64583333333333 4.66666666666667 85.2916666666667 18.875 0 0 2
"48" 24896 7.5 5.20833333333333 65.2708333333333 16.6875 0 0 0
"49" 25852 8.9375 8.04166666666667 68.6875 10.8333333333333 0 0 0
"50" 31621 10.75 9.4375 57.75 18.2916666666667 0 0 0
"51" 22231 9.75 8.4375 74.5208333333333 21.0625 0 1 0
"52" 14409 9.91666666666667 8.875 84.6666666666667 21.2916666666667 0 0 3
"53" 34461 12.7083333333333 12.6666666666667 89.2916666666667 6.4375 0 0 2
"54" 21932 9.4375 8.375 79.875 9.22916666666667 0 0 2
"55" 22682 9.0625 7.125 66.3541666666667 14.8125 0 0 0
"56" 32554 19.0416666666667 19.0416666666667 81.375 13.8125 0 0 1
"57" 34914 10.875 10.5625 75.2291666666667 7.91666666666667 0 0 2
"58" 9639 15.4791666666667 15.4791666666667 89.5416666666667 10.4375 1 0 1
"59" 31962 11.7083333333333 10.8541666666667 54.375 14.6458333333333 0 0 0
"60" 13889 9.52083333333333 7.22916666666667 69.3125 23.3958333333333 0 0 3
"61" 23517 5.27083333333333 2.5625 71.9583333333333 13.2083333333333 0 0 3
"62" 28629 14.875 14.875 81.9375 19.0833333333333 0 0 2
"63" 23849 14.6666666666667 14.6666666666667 68.9375 15.0208333333333 0 1 0
"64" 10662 6.3125 3.3125 82.2083333333333 16.3125 0 1 0
"65" 24010 11.8958333333333 11.3125 78.625 16.0416666666667 0 0 0
"66" 31762 12.5625 12.3541666666667 58.9166666666667 7.02083333333333 0 0 0
"67" 20533 8.875 7.04166666666667 82.5625 12.5 0 0 3
"68" 27439 13.0833333333333 13.0208333333333 79.8333333333333 22.6875 0 0 2
"69" 37915 19.3333333333333 19.2291666666667 60.9583333333333 17.75 0 0 1
"70" 22057 18.0625 18.0625 80.6875 20.375 0 0 1
"71" 16876 12.7291666666667 12.5208333333333 77.75 10.7916666666667 0 1 2
"72" 37472 15.8125 15.8125 60.4375 14.1041666666667 0 0 1
"73" 29112 16.6041666666667 16.6041666666667 71.1458333333333 19.2708333333333 0 1 1
"74" 27873 19.0208333333333 19.0208333333333 82.5208333333333 9.4375 0 0 2
"75" 25811 14.5 14.5 78.7708333333333 18.625 0 0 2
"76" 29899 14.7708333333333 14.7708333333333 71.7083333333333 20.3333333333333 0 0 2
"77" 36675 16.9583333333333 16.8958333333333 58.6458333333333 8.1875 0 0 1
"78" 38591 19.6458333333333 19.6458333333333 65.5416666666667 21.9166666666667 0 0 1
"79" 38687 17.875 17.875 57.25 18.0833333333333 0 0 1
"80" 11566 3.27083333333333 1.0625 98.6875 9 0 0 3
"81" 28048 11.6041666666667 11.1666666666667 68.7708333333333 9.72916666666667 0 0 0
"82" 24288 12.4166666666667 11.9791666666667 68.2916666666667 25.1041666666667 0 0 0
"83" 28366 12.7916666666667 12.7916666666667 83.4791666666667 16.3125 0 0 3
"84" 32587 13.6041666666667 13.5416666666667 63.8541666666667 13.5416666666667 0 0 1
"85" 40696 20.3958333333333 20.3958333333333 58.3541666666667 22.3958333333333 0 0 1
"86" 24371 17.9375 17.9375 70.0833333333333 26.2291666666667 0 1 1
"87" 35996 21.125 21.125 66.9166666666667 8.9375 0 0 1
"88" 13149 3.75 1.02083333333333 83.0208333333333 11.3125 0 1 3
"89" 34519 15.6458333333333 14.8958333333333 60.7708333333333 17.1666666666667 0 0 0
"90" 8908 10.9166666666667 9.89583333333333 68.3125 25.5625 0 0 3
"91" 25224 6.39583333333333 4.20833333333333 84.75 12.6875 0 0 0
"92" 21789 3.66666666666667 0.0625 75.4583333333333 16.3125 0 0 3
"93" 24149 8.04166666666667 5.72916666666667 74.2083333333333 18.2708333333333 0 0 0
"94" 24002 9.5 7.20833333333333 65.8125 26.4375 0 0 0
"95" 23908 5.04166666666667 2.72916666666667 74.9583333333333 11.1458333333333 0 0 2
"96" 31614 11.0833333333333 10.375 73.7916666666667 11.3125 0 0 0
"97" 44678 18.804347826087 18.7826086956522 55.4782608695652 10.7391304347826 0 1 1
"98" 28152 16.2083333333333 16.2083333333333 79.3333333333333 20.1041666666667 0 0 1
"99" 28734 14.2291666666667 14.2291666666667 76.1875 14.3333333333333 0 0 2
"100" 23688 7.1875 3.14583333333333 66.1458333333333 27 0 0 3
"101" 23115 11.5416666666667 11.375 77.8958333333333 22.4375 0 0 3
"102" 22186 4.47916666666667 -0.208333333333333 73.0208333333333 25.9375 0 0 3
"103" 23378 3.6875 1.1875 76.5833333333333 10.4583333333333 0 0 3
"104" 17903 7.20833333333333 4.39583333333333 72 16.1875 0 1 0
"105" 23881 13.5833333333333 13.5833333333333 84.7708333333333 10.875 0 0 2
"106" 26231 3.625 2.0625 90.5 7 0 0 3
"107" 30579 10.4791666666667 9.8125 75.0416666666667 13.5 0 0 2
"108" 25000 6.95833333333333 4.14583333333333 72.375 15.2916666666667 0 0 3
"109" 25974 18.9375 18.9375 83.8958333333333 15.1458333333333 0 0 1
"110" 30489 9.27083333333333 8.375 55.5833333333333 10.4791666666667 0 0 0
"111" 15268 3.79166666666667 0.5625 75.1041666666667 13.5833333333333 0 1 3
"112" 22258 6.0625 1.72916666666667 62.8125 28.3125 0 0 0
"113" 20434 12.4166666666667 12.4166666666667 83.1458333333333 12.5625 0 0 2
"114" 29150 8.66666666666667 8.20833333333333 65.0625 6 0 0 0
"115" 34774 15.375 15.375 69.1041666666667 10.4791666666667 0 0 2
"116" 35674 15.9791666666667 15.9791666666667 67 20.2291666666667 0 0 0
"117" 18653 13.75 13.75 89.6666666666667 13.4166666666667 0 0 2
"118" 13451 5.0625 1.375 64.2916666666667 19.6041666666667 0 1 3
"119" 37629 22.1875 22.1875 79.2916666666667 10.3333333333333 0 0 2
"120" 30075 12.5 12.5 78.5625 16.4791666666667 0 0 2
"121" 25252 10.6666666666667 8.83333333333333 66 27.9375 0 0 2
"122" 12428 2.16666666666667 0.0208333333333333 97.2291666666667 7.39583333333333 0 0 3
"123" 23819 1.3125 0.958333333333333 68.5208333333333 2.77083333333333 0 0 3
"124" 29254 11.2916666666667 10.5 84.8958333333333 12.2708333333333 0 0 1
"125" 12751 4.375 -0.375 68.0208333333333 26.25 0 1 2
"126" 33977 14.125 13.9166666666667 71.4583333333333 18.2916666666667 0 0 2
"127" 42060 23.1458333333333 23.0416666666667 59.9791666666667 10.2916666666667 0 0 1
"128" 29429 14.125 13.8541666666667 64.7083333333333 9.8125 0 1 2
"129" 25558 14.4791666666667 14.4791666666667 81.6875 20.4583333333333 0 0 3
"130" 24586 5.83333333333333 2.47916666666667 71.4791666666667 18.1041666666667 0 0 3
"131" 32054 10.4583333333333 10.1041666666667 86.5625 8.58333333333333 0 0 2
"132" 26878 13.0833333333333 12.9791666666667 71.1666666666667 12.1041666666667 0 0 0
"133" 13199 3.39583333333333 1.91666666666667 84.3333333333333 6.97916666666667 0 1 3
"134" 25899 12.9166666666667 12.9166666666667 76.9375 21.125 0 0 3
"135" 15446 7.54166666666667 5.79166666666667 77.75 10.7291666666667 0 1 2
"136" 27001 19.5 19.5 68 16.8541666666667 0 1 1
"137" 15601 9.75 7.79166666666667 79.3125 20.4791666666667 0 0 3
"138" 29852 16.1666666666667 16.1666666666667 81.125 16.875 0 0 1
"139" 26030 9.85416666666667 8 71.3125 18.6458333333333 0 0 0
"140" 35432 17.25 17.25 74.0625 18.4166666666667 0 0 1
"141" 40229 16.4166666666667 16.4166666666667 79.1458333333333 12 0 1 1
"142" 23430 12.2708333333333 11.7083333333333 73.75 20.75 0 0 3
"143" 18527 13.9166666666667 13.6458333333333 82.875 14.4375 0 1 2
"144" 29697 15.1458333333333 15.1458333333333 87.1458333333333 8.60416666666667 0 1 1
"145" 33342 11.2916666666667 10.3541666666667 61.5416666666667 12.8541666666667 0 0 0
"146" 12301 12.5833333333333 12.5416666666667 69.375 25.0833333333333 0 0 3
"147" 15609 9.89583333333333 7.89583333333333 84.9583333333333 21.375 0 0 0
"148" 25700 8.5 6.625 61.2708333333333 17.7708333333333 0 0 0
"149" 25226 7.54166666666667 5.83333333333333 75.4791666666667 9.85416666666667 0 0 0
"150" 33820 14.5625 14.5625 53.4166666666667 23.2291666666667 0 0 0
"151" 33420 14.5625 14.5625 74.7708333333333 13.5 0 0 2
"152" 25926 14.0277777777778 14.0277777777778 69.5 31.6666666666667 0 0 2
"153" 28628 18.1666666666667 18.1666666666667 73.5 7.0625 0 1 1
"154" 20017 10.0416666666667 9.04166666666667 78.8541666666667 14.2291666666667 0 1 0
"155" 28498 14.2708333333333 14.2708333333333 87.5625 16.8333333333333 0 0 2
"156" 32608 16.6875 16.6875 61.7083333333333 19.9166666666667 0 1 1
"157" 38283 22.2291666666667 22.2291666666667 66.1666666666667 17.4375 0 1 1
"158" 21762 7.60416666666667 5.39583333333333 64.5416666666667 13.6875 0 1 0
"159" 19230 9.97916666666667 9 86.4166666666667 16.7291666666667 0 0 2
"160" 25082 12.1041666666667 11.75 72.0208333333333 10.1041666666667 0 1 2
"161" 21967 17.3333333333333 17.3333333333333 79.1875 17.3333333333333 0 0 2
"162" 30364 11.7083333333333 11 85.9166666666667 13.5625 0 0 2
"163" 20762 7.35416666666667 5.08333333333333 77.9375 12.6458333333333 0 0 3
"164" 29869 15.7083333333333 15.7083333333333 78.5 15.3958333333333 0 0 1
"165" 34676 17.5 17.5 72.2083333333333 8.45833333333333 0 0 1
"166" 30643 11.75 11.375 73.9583333333333 11.0208333333333 0 0 0
"167" 17898 6.5625 4.29166666666667 75.9166666666667 13.3541666666667 0 1 3
"168" 46021 24.6458333333333 24.7291666666667 62.6041666666667 14.4583333333333 0 0 1
"169" 30273 12.875 12.875 65.5 7.52083333333333 0 0 2
"170" 23695 11.5833333333333 11.1875 80 21.5208333333333 0 0 2
"171" 42135 22.6041666666667 22.7291666666667 66.8333333333333 9.97916666666667 0 0 2
"172" 30950 13.9375 13.9375 68.75 12.9583333333333 0 0 2
"173" 38620 18.9791666666667 18.7291666666667 58.9791666666667 15.4791666666667 0 0 1
"174" 42439 19.2291666666667 19.2291666666667 66.2708333333333 12.2708333333333 0 0 1
"175" 15815 11.675 11.2 73.075 23.375 0 1 3
"176" 34197 9.125 7.64583333333333 72.2708333333333 19.125 0 0 0
"177" 25113 11.625 11.125 58.9166666666667 21.6875 0 1 0
"178" 44664 24.9791666666667 25.0416666666667 59 19.0416666666667 0 0 1
"179" 35503 13.6875 13.6875 73.3125 10.7291666666667 0 0 2
"180" 34783 13.7291666666667 13.7291666666667 67.5208333333333 10.7291666666667 0 0 2
"181" 33255 12.0416666666667 11.3125 59.1875 21.0208333333333 0 0 1
"182" 25956 11.0416666666667 9.97916666666667 70.2708333333333 25.0625 0 0 3
"183" 39486 19.5208333333333 19.5208333333333 62.7083333333333 8.95833333333333 0 0 1
"184" 26516 9.27083333333333 7.47916666666667 66.1458333333333 17.7291666666667 0 0 0
"185" 40268 20.6666666666667 20.6666666666667 67.6458333333333 24.7083333333333 0 0 1
"186" 28195 9 7.52083333333333 89.5416666666667 11.75 0 0 3
"187" 40441 21.25 21.1041666666667 55.8125 12.2708333333333 0 1 1
"188" 33116 15.8125 15.8125 71.6458333333333 14.0833333333333 0 0 2
"189" 25186 5.20833333333333 3.14583333333333 72.625 9.0625 0 0 3
"190" 32102 13.0208333333333 12.6875 68.6458333333333 14.1666666666667 0 0 0
"191" 22602 10.85 9.7 55.15 41.9 0 0 0
"192" 28768 9.04166666666667 7.9375 84.1458333333333 10.8125 0 0 2
"193" 38528 15.7291666666667 15.7291666666667 59.4375 10.375 0 0 2
"194" 36445 14.4583333333333 14.4583333333333 61.9791666666667 15.6041666666667 0 0 0
"195" 36653 12.5 12.5 79.4166666666667 27.6666666666667 0 1 3
"196" 35708 15.1041666666667 15.1041666666667 71.5 15.6041666666667 0 0 0
"197" 15478 13.4375 13.4375 80.2708333333333 23.1458333333333 0 1 3
"198" 38082 17.7083333333333 17.625 69.8125 15.6666666666667 0 0 0
"199" 36761 15.8333333333333 15.8333333333333 60.8958333333333 19.6666666666667 0 0 1
"200" 17593 13.0208333333333 13.0208333333333 81.6875 9 0 1 2
"201" 38505 20.4375 20.4375 62.7083333333333 19.9583333333333 0 0 1
"202" 23585 5.5 3.6875 65.5416666666667 9.33333333333333 0 0 3
"203" 26020 10.5 10.1666666666667 79.6041666666667 8.3125 0 1 2
"204" 23278 2.58333333333333 1.04166666666667 74.4791666666667 6.72916666666667 0 0 3
"205" 27864 12.1041666666667 11.4375 62.8333333333333 23.6458333333333 0 0 1
"206" 27422 10.4375 9.39583333333333 75.3541666666667 19.9166666666667 0 0 2
"207" 21850 2.875 -0.520833333333333 80.6875 14.125 0 0 3
"208" 37923 17.0416666666667 16.8958333333333 58.5416666666667 8.125 0 0 1
"209" 10842 4.1875 2.45833333333333 81.9166666666667 7.5 1 0 3
"210" 6421 7 4.4375 88.4375 14.125 0 1 3
"211" 36581 19.5416666666667 19.2083333333333 57.3541666666667 17 0 1 1
"212" 37045 14.1666666666667 14.1041666666667 62.1875 8.97916666666667 0 0 0
"213" 35993 14.2708333333333 14.2708333333333 62.6875 28.7083333333333 0 0 2
"214" 28219 18.6458333333333 18.625 68.4375 26.2916666666667 0 1 1
"215" 17539 5.70833333333333 2.33333333333333 72.7291666666667 18.0625 0 1 3
"216" 29579 9.08333333333333 7.22916666666667 64.25 18.875 0 0 0
"217" 30046 10.2916666666667 8.97916666666667 56.75 14.25 0 1 0
"218" 26765 6.79166666666667 4 64.6458333333333 16.4791666666667 0 0 2
"219" 25194 14.1458333333333 14.1458333333333 75.1458333333333 18.3958333333333 0 1 0
"220" 24386 3.66666666666667 1.8125 76.4583333333333 9.25 0 0 3
"221" 23240 18.5208333333333 18.5208333333333 75.4791666666667 21.6875 0 1 1
"222" 23136 10.3125 9.3125 83.3333333333333 17.1666666666667 0 0 3
"223" 21573 6.9375 6.14583333333333 82.1875 6.22916666666667 0 1 0
"224" 37769 18.3541666666667 18.3541666666667 54.3333333333333 21.4166666666667 0 0 1
"225" 25236 10.6875 9.27083333333333 66.3958333333333 14.125 1 0 0
"226" 23034 2.41666666666667 0.791666666666667 80 6.1875 0 0 3
"227" 35172 18.75 18.75 69.5833333333333 12.2083333333333 0 0 1
"228" 43573 24.7916666666667 24.625 62.1666666666667 13.5208333333333 0 0 2
"229" 26594 6.27083333333333 2.89583333333333 71.8333333333333 19.0833333333333 0 0 2
"230" 38808 16.8125 16.6875 63.1041666666667 20.4166666666667 0 0 1
"231" 20224 10.1875 8.97916666666667 80.3333333333333 27.2083333333333 0 0 3
"232" 17218 8.66666666666667 6.72916666666667 83.6875 13.6875 0 1 3
"233" 36101 17.125 17.125 58.7916666666667 27.8541666666667 0 0 1
"234" 30891 7.91666666666667 6.64583333333333 72.0208333333333 9.875 0 0 2
"235" 23535 11.144927536087 11.1014492752174 94.1739130434783 5.09420289856522 0 1 2
"236" 18922 12.5 12.2916666666667 88.4375 15.5208333333333 0 0 2
"237" 23580 3.91666666666667 1.45833333333333 68.6875 11.5208333333333 0 0 3
"238" 32760 10.4375 9.95833333333333 75.625 9.16666666666667 0 0 2
"239" 38076 21.6458333333333 21.6458333333333 64.6875 24.4375 0 1 1
"240" 36842 19.625 19.625 66.1875 23.125 0 0 1
"241" 37113 14.3541666666667 14.3541666666667 68.7291666666667 9.83333333333333 0 0 0
"242" 25448 6.6875 3.29166666666667 68.5833333333333 20.9791666666667 0 0 0
"243" 39451 17 16.8333333333333 56.3333333333333 12.8541666666667 0 0 1
"244" 12864 8.8695652173913 7.02173913043478 77.695652173913 12.2608695652174 0 1 0
"245" 31640 17.9375 17.9375 68.5 15.0833333333333 0 0 1
"246" 42641 27.375 27.4375 50.9791666666667 17.3125 0 0 1
"247" 40555 20.1875 20.0416666666667 62.2708333333333 19.2916666666667 0 0 2
"248" 36601 17.3958333333333 17.3958333333333 69.5416666666667 16.7083333333333 0 0 1
"249" 30053 11.6666666666667 11.3333333333333 74.7083333333333 11.1666666666667 0 0 2
"250" 27562 9.58333333333333 8.45833333333333 73.8958333333333 18.2708333333333 0 0 3
"251" 29709 14.2916666666667 14.2916666666667 65.3333333333333 13.125 0 0 2
"252" 16091 3.10416666666667 0.5625 75.625 9.5625 0 1 3
"253" 27607 3.0625 1.625 76.625 6.83333333333333 0 0 2
"254" 15265 19.4166666666667 19.4166666666667 75.4166666666667 21.9166666666667 0 1 2
"255" 28962 14.25 14.25 81.1875 17.2291666666667 0 0 2
"256" 36807 14.7708333333333 14.7708333333333 77.7291666666667 20.5625 0 0 2
"257" 35693 20.75 20.75 68.6666666666667 20.3125 0 0 1
"258" 21275 3.77083333333333 -1.25 73.5208333333333 26.5625 0 0 3
"259" 40236 18.2391304347826 18.195652173913 64.8260869565217 14.695652173913 0 0 1
"260" 24485 6.6875 3.27083333333333 64.6666666666667 20.2083333333333 0 0 0
"261" 24327 12.0625 12.0625 76.75 13.75 0 1 2
"262" 22768 14.7727272727273 14.7727272727273 77.3863636363636 29.2045454545455 0 0 2
"263" 30018 15.7916666666667 15.7916666666667 64.3125 11.4791666666667 0 1 0
"264" 33050 13.9583333333333 13.9583333333333 73.7083333333333 11.0416666666667 0 0 2
"265" 29135 19.4166666666667 19.4166666666667 72.2916666666667 22.6041666666667 0 1 1
"266" 24698 9.08333333333333 7.95833333333333 55.9791666666667 12.2708333333333 0 1 0
"267" 11455 8.35416666666667 5.54166666666667 70.5416666666667 22.0208333333333 1 0 3
"268" 33190 16.5681818181818 16.5681818181818 71.9545454545455 16.8409090909091 0 0 2
"269" 29716 18.6458333333333 18.6041666666667 64.6666666666667 13.7291666666667 0 1 1
"270" 26837 8.8125 8.20833333333333 66.7291666666667 6.20833333333333 0 0 0
"271" 32950 16.9583333333333 16.9583333333333 66.9375 15.8125 0 0 1
"272" 21640 1.25 -2.39583333333333 64.8541666666667 12.625 0 0 3
"273" 26000 8.9375 6.9375 76.6666666666667 16.1666666666667 0 0 2
"274" 33739 17.5833333333333 17.5833333333333 63.2916666666667 13.5 0 1 1
"275" 25419 19.0208333333333 19.0208333333333 85.6041666666667 12.5416666666667 0 0 1
"276" 38349 21.6458333333333 21.6666666666667 69.875 20.6666666666667 0 1 1
"277" 29206 13.0833333333333 12.4166666666667 57.7708333333333 17.8333333333333 0 1 0
"278" 30180 14.6875 14.6875 73.25 10.2291666666667 0 0 2
"279" 27137 8.52083333333333 7.89583333333333 66.5 11.1666666666667 0 0 0
"280" 30831 14.3541666666667 14.3125 77.3333333333333 11.2708333333333 0 1 0
"281" 29595 9.64583333333333 8.14583333333333 63.875 22.5833333333333 0 1 0
"282" 40577 20.4375 20.1041666666667 58.9166666666667 18.4166666666667 0 0 1
"283" 22805 8.97916666666667 7.89583333333333 85.6666666666667 8.4375 0 0 3
"284" 10613 7.6875 4.66666666666667 85 20.4583333333333 0 1 2
"285" 40159 21.0208333333333 21 61.625 21.2083333333333 0 0 1
"286" 23553 10.2708333333333 9.875 78.5208333333333 13.3333333333333 0 1 2
"287" 31292 11.2708333333333 10.9583333333333 70.0833333333333 10 0 0 2
"288" 30393 17.4583333333333 17.4583333333333 62.6875 23.0416666666667 0 1 1
"289" 26559 13.0416666666667 12.9791666666667 74.3125 20.25 0 0 3
"290" 18328 8.0625 5.60416666666667 79.8958333333333 15.3541666666667 0 0 3
"291" 35734 16.1875 16.1875 71.8333333333333 15 0 0 2
"292" 25481 3.83333333333333 3.1875 69.4791666666667 4.77083333333333 0 0 3
"293" 31826 15.195652173913 15.195652173913 70.9565217391304 6.97826086956522 0 1 2
"294" 25593 17.8541666666667 17.8541666666667 83.6666666666667 12.5416666666667 0 0 1
"295" 26871 12.75 12.75 89.25 17.5833333333333 0 0 1
"296" 44187 23.2083333333333 23.1875 62.7708333333333 12.2916666666667 0 1 1
"297" 32820 15.2708333333333 15.2291666666667 51.1875 23.7916666666667 0 1 1
"298" 18814 8.5625 5.85416666666667 69.625 23.1041666666667 0 0 0
"299" 10250 3.41666666666667 -0.916666666666667 77.9166666666667 20.125 0 1 3
"300" 22446 4 -0.291666666666667 70.0208333333333 21.4375 0 0 3
"301" 39270 19.3478260869565 19.2826086956522 62.2173913043478 13.7608695652174 0 0 2
"302" 26507 13.6458333333333 13.6458333333333 73.625 21.875 0 0 2
"303" 18069 5.70833333333333 2.41666666666667 79.7083333333333 16.7916666666667 0 1 2
"304" 30710 11.8958333333333 11.7083333333333 88.625 9.04166666666667 0 0 2
"305" 20463 9.04166666666667 7.1875 73.2708333333333 16.9166666666667 0 0 3
"306" 24697 8.60416666666667 6.08333333333333 75.8125 21.2083333333333 0 0 3
"307" 25780 8.47916666666667 7.16666666666667 85.875 10.2083333333333 0 0 0
"308" 14881 15.7708333333333 15.7708333333333 83.6458333333333 22.8958333333333 0 1 2
"309" 39157 19.3333333333333 19.3125 59.8958333333333 14.375 0 0 1
"310" 28331 10.9166666666667 9.5 63.125 24.2708333333333 0 0 0
"311" 38491 18.7083333333333 18.4583333333333 53.9583333333333 17.5833333333333 0 1 1
"312" 33968 20.125 20.125 67.75 19.75 0 1 1
"313" 17571 7.04166666666667 4.35416666666667 72.875 15.75 0 1 0
"314" 20893 5.10416666666667 3.79166666666667 83.1875 7.20833333333333 0 0 0
"315" 32781 14.1458333333333 14.1458333333333 73.375 8.375 0 0 2
"316" 27810 14.8125 14.8125 59.3958333333333 26.2708333333333 0 1 0
"317" 30954 16.9583333333333 16.9583333333333 72.6875 16.375 0 1 1
"318" 32226 14.7708333333333 14.6458333333333 66.5833333333333 13.6875 0 1 0
"319" 41703 17.8125 17.8125 62.4375 23.8333333333333 0 0 1
"320" 32188 21.25 21.25 69.25 15.2083333333333 0 1 1
"321" 20613 7.85416666666667 5.33333333333333 78.8958333333333 16 0 0 3
"322" 13697 4.4375 1.0625 72.875 15.9791666666667 0 1 3
"323" 43017 17.6666666666667 17.5625 55.6875 12.6041666666667 0 1 1
"324" 21200 2.89583333333333 -0.916666666666667 78.1041666666667 16.0208333333333 0 0 3
"325" 14052 3.77083333333333 2.4375 89.9791666666667 6.0625 0 0 3
"326" 28593 18.8541666666667 18.8541666666667 86.7708333333333 17.3125 0 0 1
"327" 22104 12.7291666666667 12.3333333333333 74.8541666666667 32.9166666666667 0 0 3
"328" 19034 4.8125 2.04166666666667 76.5208333333333 12.375 0 0 3
"329" 11019 10.0416666666667 8.77083333333333 79.1666666666667 22.5 0 1 3
"330" 45608 19.5208333333333 19.3958333333333 63.2708333333333 10.4583333333333 0 1 1
"331" 22848 9.20833333333333 8.85416666666667 97.6875 5.20833333333333 0 1 2
"332" 28157 6.5625 4.0625 63.2708333333333 13.75 0 0 0
"333" 27628 6.29166666666667 2.625 61.625 20.9375 0 0 0
"334" 25154 10.2916666666667 8.97916666666667 76.7083333333333 21.9791666666667 0 0 3
"335" 30874 11.2291666666667 10.5625 77.875 13.1458333333333 0 0 2
"336" 32038 8 6.60416666666667 70.2916666666667 9.97916666666667 0 0 2
"337" 16511 12.6458333333333 12.6458333333333 66.2708333333333 36.8333333333333 0 1 3
"338" 33888 12.8541666666667 12.6875 79.6458333333333 17.0208333333333 0 0 2
"339" 29817 13.6458333333333 13.5833333333333 72.5833333333333 11.6458333333333 0 1 2
"340" 29204 11.7916666666667 10.9166666666667 58.6458333333333 20.2083333333333 0 1 0
"341" 27621 9.54166666666667 8.5625 89.9583333333333 8.04166666666667 0 0 3
"342" 25734 13.3125 13.3125 81.5416666666667 14.4791666666667 0 0 3
"343" 15761 10.6041666666667 10.125 86.1458333333333 9.27083333333333 0 0 0
"344" 25337 9.10416666666667 7.1875 63.2916666666667 17.5208333333333 0 0 0
"345" 15267 4.66666666666667 2 78.0208333333333 13.8541666666667 0 1 3
"346" 21452 15.8333333333333 15.8333333333333 91.1041666666667 14.9583333333333 0 0 0
"347" 27574 16.0833333333333 16.0833333333333 91.3541666666667 9.95833333333333 0 0 0
"348" 25324 7.875 4.625 65.6458333333333 22.2708333333333 0 0 3
"349" 9869 4.25 0.666666666666667 85.5625 18.4375 0 1 3
"350" 11424 7.4375 5.04166666666667 90.9583333333333 13.3125 0 1 3
"351" 29424 12.1041666666667 12.0625 83.5625 12.7916666666667 0 0 3
"352" 34908 11.375 10.8541666666667 61.6041666666667 12.75 0 0 0
"353" 21064 7.45652173913043 4.5 78.1086956521739 19.7608695652174 0 0 3
"354" 32381 10.3958333333333 9.47916666666667 72.4791666666667 16.8541666666667 0 0 0
"355" 27789 13.0208333333333 13.0208333333333 72.4791666666667 20.75 0 0 3
"356" 22423 11.2708333333333 10.3541666666667 79.4375 18.0416666666667 1 0 3
"357" 32006 12.5652173913043 12.5 76.7608695652174 6.91304347826087 0 0 2
"358" 25724 12.1875 11.8541666666667 72.375 19.7916666666667 0 0 3
"359" 17458 14.1875 14.1875 80.6666666666667 31.3958333333333 0 0 3
"360" 28033 10.5 10.0416666666667 95 9.16666666666667 0 0 2
"361" 20201 11.4583333333333 11.125 92.25 10.7083333333333 0 0 3
"362" 32526 15.1458333333333 15.1458333333333 59.875 19.9166666666667 0 1 0
"363" 23259 10.0833333333333 8.875 76.0416666666667 20.375 0 0 3
"364" 23845 6.58333333333333 2.85416666666667 64.1875 23.0416666666667 0 0 0
"365" 10216 8.875 5.64583333333333 72.7083333333333 34.625 1 0 0
"366" 23970 6.08333333333333 3.1875 65.875 16.8541666666667 0 0 0
"367" 17841 17.2083333333333 17.2083333333333 81.5833333333333 11.5416666666667 0 1 1
"368" 40664 25.4791666666667 25.5625 60.1041666666667 6.8125 0 0 1
"369" 27023 18.2777777777778 18.2777777777778 63.8055555555556 17.5277777777778 0 1 2
"370" 25849 20.0208333333333 20.0208333333333 74.5625 18.2291666666667 0 1 1
"371" 16898 7.27083333333333 3.89583333333333 81.5 21.125 0 0 3
"372" 28956 12.6666666666667 12.6666666666667 81.2291666666667 5.70833333333333 0 1 2
"373" 16360 12.4375 12.1041666666667 88.125 14.9791666666667 0 1 3
"374" 27191 9.58333333333333 8.4375 72.4166666666667 11.1875 0 0 0
"375" 11823 3.72916666666667 0.9375 83.1458333333333 11.1666666666667 1 0 3
"376" 34562 14.25 14.25 71.875 15.7708333333333 0 0 2
"377" 32636 13.1875 13.1666666666667 68.9375 8.5 0 1 2
"378" 27022 13.2083333333333 13.2083333333333 71.8541666666667 13.5625 0 1 2
"379" 14745 4.875 1.45833333333333 62.9791666666667 17.7708333333333 0 1 3
"380" 25730 13.1041666666667 13.1041666666667 79.0416666666667 17.1875 0 0 3
"381" 34010 13.4791666666667 13.4791666666667 81.7916666666667 11.8125 0 0 2
"382" 24941 11.5625 11.0416666666667 77.5416666666667 11.3125 0 1 0
"383" 27293 16.6875 16.6875 81.25 15.3125 0 0 1
"384" 7890 9.02083333333333 6.10416666666667 75.3541666666667 24.8958333333333 0 1 3
"385" 22819 4.75 1.95833333333333 83.9166666666667 13.0416666666667 0 0 3
"386" 20741 15.8958333333333 15.8958333333333 87.9375 13.75 0 0 2
"387" 26795 14.6041666666667 14.6041666666667 67.2083333333333 18.8125 1 0 0
"388" 23800 1.5625 0.354166666666667 77.4166666666667 5.41666666666667 0 0 3
"389" 13732 11.7291666666667 11.5625 73.4166666666667 15.0416666666667 1 0 3
"390" 20955 2.6875 -1.66666666666667 69.8541666666667 19.2708333333333 0 0 3
"391" 32992 11.8333333333333 11.8333333333333 79.0625 5.1875 0 0 2
"392" 39092 18.1666666666667 18.125 56.5208333333333 13.5625 0 0 1
"393" 35882 22.1041666666667 22.1041666666667 68.9166666666667 14.5625 0 0 1
"394" 29396 15.5833333333333 15.5833333333333 71.6875 19.9375 0 0 2
"395" 8990 9.30434782608696 7.82608695652174 85.9130434782609 10.7608695652174 0 1 2
"396" 26348 8.83333333333333 6.91666666666667 60.5 15.7291666666667 0 0 0
"397" 25556 15.4791666666667 15.4791666666667 79.8333333333333 9.5 0 0 2
"398" 35377 16.125 16.125 53.0625 17.5833333333333 0 0 1
"399" 28304 8.79166666666667 7.79166666666667 63.1458333333333 10.6666666666667 0 0 0
"400" 30628 15.1666666666667 15.1666666666667 67.4791666666667 9.41666666666667 0 1 0
"401" 13406 5.64583333333333 2.04166666666667 73.875 19 0 1 2
"402" 12291 8.4375 6.9375 91.3541666666667 10.25 0 1 3
"403" 38911 18.0227272727273 18.0227272727273 68.5909090909091 14.0454545454545 0 0 1
"404" 11583 9.66666666666667 8.14583333333333 81.3125 18.0416666666667 0 1 3
"405" 37644 18.2708333333333 18.25 61 22.9166666666667 0 0 1
"406" 43819 17.4375 17.375 63.3541666666667 13.3125 0 1 0
"407" 23038 7.04166666666667 5.95833333333333 90.2916666666667 6.54166666666667 0 0 3
"408" 13126 11.0416666666667 9.70833333333333 75.75 31.0833333333333 0 1 3
"409" 31520 10.5 9.5625 79.3125 10.5625 0 0 0
"410" 39923 17.2083333333333 17.2083333333333 59.1041666666667 13.4583333333333 0 0 1
"411" 35067 15.1458333333333 15.1458333333333 61.6041666666667 15.1666666666667 0 0 0
"412" 37292 16.8333333333333 16.8333333333333 78.4166666666667 6.41666666666667 0 0 2
"413" 24367 5.9375 3.10416666666667 66.2708333333333 14.3125 0 0 3
"414" 21592 9.08333333333333 7.66666666666667 77.3125 11.1041666666667 0 0 3
"415" 22597 10.8541666666667 10.4375 78.9375 22.3333333333333 0 0 3
"416" 16078 12.5 12.5 84.9791666666667 23.6041666666667 0 0 0
"417" 26934 2.79166666666667 0.0416666666666667 73.5833333333333 10.75 0 0 2
"418" 28095 7.25 6.5625 93.625 6.5 0 0 3
"419" 27339 13.4166666666667 13.2708333333333 87.7916666666667 13.3958333333333 0 0 2
"420" 27785 14.2708333333333 14.2708333333333 84.0416666666667 3.08333333333333 0 1 2
"421" 16952 6.6875 5.33333333333333 86.1666666666667 7.33333333333333 0 1 3
"422" 27512 18.8541666666667 18.8541666666667 69.8541666666667 23.3958333333333 0 1 2
"423" 24077 7.25 4.54166666666667 79.1458333333333 15.0833333333333 0 0 0
"424" 12215 3.79166666666667 0.666666666666667 80.0833333333333 14.7083333333333 0 1 0
"425" 23835 9.20833333333333 7.72916666666667 84.9791666666667 9.72916666666667 0 0 3
"426" 42412 17.7291666666667 17.625 53.5416666666667 9.60416666666667 0 0 1
"427" 10053 10.8157894736842 9.5 79.6842105263158 22.5789473684211 0 1 0
"428" 30575 11.5833333333333 10.9166666666667 65.7083333333333 14.9166666666667 0 0 0
"429" 33109 18.1041666666667 18.1041666666667 70.1041666666667 7.33333333333333 0 0 2
"430" 36693 20 19.7083333333333 49.2916666666667 18.9791666666667 0 1 1
"431" 30616 16.8125 16.8125 63.4166666666667 7 0 1 1
"432" 14575 6.64583333333333 2.45833333333333 67.5833333333333 26.5625 0 1 3
"433" 43326 22.375 22 50.3541666666667 14.8958333333333 0 0 1
"434" 44478 23.4583333333333 23.4791666666667 63.2708333333333 10.4375 0 0 2
"435" 23247 2.0625 -0.166666666666667 81.9583333333333 9.16666666666667 0 0 3
"436" 9797 6.5 3.72916666666667 82.5 16.7291666666667 1 0 3
"437" 9234 2.47916666666667 0.645833333333333 94.2708333333333 7.5 0 1 3
"438" 33299 18.0625 18.0625 68.9583333333333 16.0416666666667 0 0 1
"439" 34833 14.625 14.0208333333333 53.0208333333333 15.75 0 0 0
"440" 38553 20.7708333333333 20.7708333333333 67.5 16.625 0 1 1
"441" 22317 13.4375 13.4375 71.4791666666667 11.2916666666667 0 1 2
"442" 23697 14.4166666666667 14.4166666666667 75.25 19.9375 1 0 0
"443" 23858 5.70833333333333 3.85416666666667 81.4375 9.20833333333333 0 0 3
"444" 16381 8.27083333333333 5.125 67.8541666666667 27.0416666666667 0 1 3
"445" 40463 18.0416666666667 18.0416666666667 63.3541666666667 19.4791666666667 0 0 1
"446" 18083 7.95833333333333 4.60416666666667 76.0625 24.2291666666667 0 0 3
"447" 25788 9.0625 6.10416666666667 67.5 22.3125 0 0 2
"448" 18618 5.85416666666667 3.33333333333333 67.7291666666667 12.3958333333333 0 1 0
"449" 31144 13.1666666666667 13.1041666666667 62.3125 19.625 0 0 0
"450" 34267 14.1458333333333 14.1458333333333 73.7916666666667 16.1041666666667 0 0 0
"451" 35005 13.2708333333333 13.2708333333333 59.4166666666667 19.3541666666667 0 0 2
"452" 38043 17.4166666666667 17.4166666666667 71.3333333333333 11.6041666666667 0 0 2
"453" 29249 11 10.625 58.2916666666667 12.4375 0 1 0
"454" 29663 17.6875 17.6875 62.25 19.875 0 1 2
"455" 25830 8.08333333333333 5.54166666666667 78.7083333333333 18.0416666666667 0 0 2
"456" 37470 17.5416666666667 17.2083333333333 51.8958333333333 14.0625 0 0 0
"457" 29952 12.7291666666667 12.7291666666667 79.1875 7.375 0 0 2
"458" 24514 9 5.33333333333333 61.1875 30.0625 0 0 3
"459" 30587 11.25 10.5416666666667 77.4583333333333 17.3541666666667 0 0 2
"460" 23462 13.4791666666667 13.4791666666667 88.5416666666667 8.39583333333333 0 0 2
"461" 23488 13.2083333333333 13.2083333333333 78.25 8.75 0 1 2
"462" 19497 8.83333333333333 4.38888888888889 63.1666666666667 41.3888888888889 0 0 3
"463" 22799 6.1875 1.83333333333333 77.9583333333333 27.8125 0 0 3
"464" 43195 23.5 23.375 58.5208333333333 8.3125 0 0 1
"465" 29206 15.75 15.75 81.4791666666667 22.9375 0 0 2
"466" 37908 19.4583333333333 19.3541666666667 58.125 21.5208333333333 0 0 1
"467" 18358 7.93478260869565 4.76086956521739 75.0217391304348 21.0869565217391 0 0 0
"468" 41885 20.5 20.5 58.7291666666667 14.3541666666667 0 1 1
"469" 29829 15.0625 15.0625 78.3958333333333 9.5 0 0 2
"470" 25657 6.4375 4.5 68.0416666666667 10.8958333333333 0 0 3
"471" 14320 7.25 4.16666666666667 75.375 18.9166666666667 0 1 3
"472" 14709 10.4791666666667 8.70833333333333 66.125 34.3125 0 1 3
"473" 32324 12 11.9791666666667 74.6458333333333 11.2708333333333 0 0 2
"474" 24864 6.20833333333333 3.95833333333333 80.0208333333333 11.2083333333333 0 0 3
"475" 36548 18.5416666666667 18.5416666666667 70.3958333333333 16.7708333333333 0 0 1
"476" 19044 8.64583333333333 7.5 83.5208333333333 8.33333333333333 0 1 2
"477" 27462 10.0833333333333 7.875 70.5833333333333 22.5833333333333 0 0 2
"478" 19869 2.16666666666667 -1.04166666666667 85.5 11.8333333333333 0 0 3
"479" 17594 15.5208333333333 15.5208333333333 72.4791666666667 34.0625 0 1 2
"480" 34809 14.9166666666667 14.9166666666667 60.0625 14.6041666666667 0 0 0
"481" 26626 9.39583333333333 8.52083333333333 86.3125 7.54166666666667 0 0 2
"482" 28861 10.2916666666667 9.47916666666667 85.1666666666667 9.85416666666667 0 0 3
"483" 35695 17.8125 17.8125 55.7708333333333 9.66666666666667 0 0 1
"484" 31692 14.3333333333333 14.3333333333333 72.1666666666667 9.8125 0 0 2
"485" 36184 12.9375 12.7291666666667 63.7708333333333 15.2708333333333 0 0 0
"486" 23626 6.60416666666667 3.35416666666667 71.8333333333333 18.7083333333333 0 0 3
"487" 38551 18.7708333333333 18.7708333333333 65.6666666666667 16.125 0 0 1
"488" 37019 20.6041666666667 20.6041666666667 55.25 15.9166666666667 0 0 1
"489" 19824 7 4.52083333333333 81.7708333333333 13.6875 0 0 0
"490" 29441 11.0833333333333 10.9166666666667 68.0625 6.60416666666667 0 0 0
"491" 17238 7.41666666666667 6.45833333333333 95.9375 6.20833333333333 0 1 3
"492" 27413 8.20833333333333 6.14583333333333 70.3125 16.0208333333333 0 0 2
"493" 12510 4.29166666666667 1.1875 74.5416666666667 14 0 1 0
"494" 35751 17.1041666666667 17.1041666666667 75.875 15.625 0 0 2
"495" 26295 16.6458333333333 16.6458333333333 74.8125 9.75 0 1 1
"496" 31210 15.4375 15.4375 78.2708333333333 23.0208333333333 0 0 1
"497" 20704 9.35416666666667 7.16666666666667 80.0208333333333 25.3333333333333 0 0 0
"498" 26920 18.9565217391304 18.9565217391304 81.4565217391304 20.0434782608696 0 0 1
"499" 29884 13.3333333333333 13.1041666666667 72.8333333333333 9.85416666666667 0 1 2
"500" 24111 12.9166666666667 12.9166666666667 79.9791666666667 15.2291666666667 0 0 0
